[0.60707352 0.79009356 0.50065147 0.04020471 0.99624611 0.22993501
 0.15554614 0.71788453 0.12237147 0.58450278 0.35832585 0.06975042
 0.97496124 0.0094683  0.05102327 0.38760934 0.14571948 0.97503271
 0.55589744 0.47038287 0.66078009 0.99437305 0.73930552 0.90959333
 0.16143604 0.28193354 0.69197659 0.99564643 0.21507951 0.97627103
 0.08293017 0.95931715 0.07248448 0.21198175 0.30275915 0.50958681
 0.73099474 0.11577801 0.07673706 0.70516785 0.89452166 0.02855874
 0.6219927  0.7615869  0.12076419 0.55289397 0.10884815 0.82662951
 0.98486341 0.32473838 0.11683227 0.24453086 0.38978255 0.20422397
 0.01721202 0.28896659 0.05893276 0.3427958  0.17712888 0.54398036
 0.95711618 0.82394091 0.855946   0.00914235 0.16147848 0.66946509
 0.14563472 0.86947471 0.82136618 0.5195299  0.75100982 0.12160224
 0.8443657  0.53819124 0.71088661 0.05286135 0.12752569 0.12034787
 0.10636143 0.88299188 0.2142582  0.94907942 0.6740514  0.98469645
 0.55078368 0.27744225 0.12338894 0.00794472 0.87780522 0.12439231
 0.38234744 0.70111143 0.08024188 0.30908589 0.00152002 0.5667472
 0.69944844 0.03467199 0.32479186 0.1424891  0.47830775 0.5020796
 0.29409456 0.93776449 0.21784579 0.69800329 0.75160426 0.78938736
 0.45776638 0.53415177 0.89847016 0.87665426 0.5549397  0.16755678
 0.69903764 0.94812932 0.64443146 0.43688683 0.87640459 0.68195422
 0.09925471 0.43325887 0.12254764 0.08069749 0.78591457 0.40048366
 0.42704367 0.16439517 0.44440505 0.22790552 0.07701196 0.92686428
 0.63062417 0.93594431 0.16568849 0.87823532 0.78601987 0.45585126
 0.35250503 0.04483811 0.71271429 0.36214875 0.84383816 0.16414584
 0.21839931 0.54676664 0.80427587 0.57906856 0.45881182 0.78029719
 0.59416356 0.41073655 0.14734191 0.98757772 0.69889803 0.98270155
 0.25024369 0.69560803 0.98684591 0.09140959 0.4086557  0.66336392
 0.52406546 0.17002714 0.93126219 0.85380962 0.68878686 0.27033491
 0.91023399 0.3627849  0.46784135 0.88048883 0.88778449 0.87082123
 0.21747647 0.48392154 0.7569528  0.45281064 0.2824364  0.85978888
 0.33379553 0.07390011 0.99421243 0.97626266 0.12257101 0.98544359
 0.61710899 0.29117087 0.48139663 0.74227422 0.68344565 0.01397009
 0.19777652 0.30461592 0.90792898 0.72624271 0.27655436 0.89415052
 0.22900009 0.12438023 0.4437751  0.71131972 0.2433282  0.98681986
 0.78802805 0.14037342 0.76215424 0.95624445 0.36618194 0.88146483
 0.21289824 0.24923464 0.14284283 0.53313772 0.85685488 0.97277633
 0.46834327 0.26646931 0.1767699  0.7717528  0.14070343 0.87061819
 0.85484835 0.666505   0.61857987 0.61920978 0.41271029 0.58248826
 0.25413409 0.6932804  0.41819198 0.11710799 0.5005931  0.59853209
 0.74478539 0.9069647  0.23340803 0.3821708  0.22620668 0.74679009
 0.05198413 0.78819797 0.10247972 0.61784654 0.02252172 0.48613283
 0.35401401 0.90407711 0.12113975 0.02863647 0.07518224 0.01718688
 0.64007329 0.77831705 0.13759986 0.08259726 0.03189174 0.275237
 0.99904345 0.28101854 0.70528418 0.27757306 0.84997023 0.98552886
 0.55867503 0.64991659 0.96305979 0.02674294 0.84975183 0.39434684
 0.71650132 0.03588434 0.09563431 0.01608611 0.26716823 0.6563023
 0.98510813 0.7487068  0.22795093 0.54886164 0.27358985 0.06613236
 0.44970835 0.17630329 0.85997625 0.21969905 0.52119965 0.45432308
 0.77133518 0.78242903 0.33909076 0.98418326 0.79688456 0.06976112
 0.57637787 0.91355473 0.42176999 0.27299491 0.20000298 0.66884456
 0.88406846 0.89392854 0.65470812 0.49103409 0.76217894 0.13165395
 0.53022189 0.38735251 0.9958947  0.20006704 0.81824163 0.1102316
 0.31860908 0.50989016 0.1924835  0.11525779 0.86531545 0.83055127
 0.96831902 0.01631097 0.9140181  0.35008774 0.61981586 0.36261138
 0.62196644 0.28177243 0.94410561 0.28991979 0.55529001 0.83409161
 0.43186438 0.68264288 0.03553274 0.15932434 0.03134535 0.96245636
 0.7620695  0.23315338 0.88435061 0.74867473 0.66844951 0.55401078
 0.03337389 0.64164428 0.90584664 0.87984771 0.86543784 0.27704
 0.76210491 0.52200328 0.90536877 0.18833224 0.40176678 0.88705025
 0.0338199  0.18263921 0.42677344 0.08916784 0.33570073 0.92863096
 0.6336707  0.63091618 0.51108615 0.82461327 0.49089219 0.46047926
 0.87556265 0.47003198 0.58285185 0.67465436 0.98287286 0.94047427
 0.82035025 0.65829068 0.74739099 0.40271298 0.52064904 0.24979146
 0.06105342 0.39921454 0.27216421 0.36340005 0.84728992 0.76051133
 0.19956286 0.15258226 0.41696226 0.18873603 0.99020089 0.24865356
 0.64643667 0.03555016 0.28123202 0.67432325 0.91951287 0.64342496
 0.73487126 0.75153096 0.78889594 0.29880804 0.82588397 0.10652408
 0.30716787 0.27363102 0.0091204  0.98676221 0.75929391 0.75223246
 0.7097998  0.53076798 0.25072436 0.45125174 0.65419755 0.21089386
 0.96970305 0.30780859 0.82537377 0.73497141 0.34942991 0.91629913
 0.02537874 0.68842459 0.49082835 0.1257013  0.21672665 0.76328827
 0.03564725 0.74125727 0.56105598 0.00275237 0.59014589 0.39307574
 0.48657644 0.26445658 0.72646611 0.50823491 0.22997068 0.80132015
 0.634027   0.46330096 0.15494006 0.07309772 0.84126433 0.01240484
 0.34537552 0.85561739 0.89125312 0.0378082  0.32370477 0.40493357
 0.53879525 0.47799318 0.26483424 0.61602341 0.95695212 0.13377195
 0.65793103 0.03779692 0.77733948 0.8580189  0.34985134 0.11781104
 0.44567797 0.79430672 0.5670554  0.28863715 0.80430298 0.4445998
 0.49922907 0.36106062 0.83301144 0.11491161 0.27287443 0.55254506
 0.05324026 0.24536808 0.24899378 0.79019767 0.92017484 0.18057849
 0.95797006 0.29339338 0.72900766 0.51461331 0.91551913 0.23665281
 0.24857053 0.33161951 0.02920979 0.48404559 0.13658084 0.96205886
 0.25499857 0.54344744 0.25985242 0.47510937 0.35123411 0.21075118
 0.94627791 0.36870942 0.14900507 0.58157437 0.61588653 0.69311543
 0.50142857 0.45060922 0.26649369 0.67434911 0.78612797 0.95788423
 0.6735724  0.45236813 0.18902455 0.54234854 0.30414765 0.57273995
 0.07182108 0.81201251 0.78466491 0.26905752 0.5557386  0.16251391
 0.12593433 0.46198438 0.62308124 0.59625883 0.16595683 0.89348576
 0.49089057 0.50090022 0.09298256 0.3730891  0.62084029 0.09347009
 0.60469399 0.25759105 0.43440746 0.63217527 0.05117117 0.10582643
 0.85004958 0.06803695 0.35737993 0.37922803 0.05070376 0.05002979
 0.24054273 0.9336511  0.2329509  0.65037148 0.00477396 0.12538856
 0.0349183  0.27174707 0.54653987 0.97609342 0.6953049  0.32714284
 0.12389714 0.14635841 0.28539654 0.85109413 0.03410665 0.10567998
 0.84884734 0.81869819 0.66536213 0.16155421 0.25025509 0.7536572
 0.38056087 0.08061209 0.45216449 0.39592257 0.19758568 0.98195221
 0.26636263 0.69972934 0.50257448 0.73433293 0.54959123 0.66604777
 0.90044354 0.91330143 0.9753329  0.68801225 0.54337392 0.80162759
 0.22750735 0.70177345 0.8587997  0.30988912 0.33042973 0.42364539
 0.75500374 0.57127211 0.33017148 0.72622138 0.42535204 0.72075255
 0.86671317 0.82130767 0.8016145  0.6591024  0.6856154  0.79781896
 0.05912407 0.47059231 0.17081068 0.88053738 0.93370414 0.77425957
 0.74835955 0.45889493 0.59692559 0.65319763 0.76841563 0.96617387
 0.98772921 0.13498814 0.13825236 0.04743509 0.9652665  0.77863328
 0.73679292 0.35285202 0.45850143 0.64785144 0.17716469 0.49359487
 0.78772892 0.68523286 0.88598373 0.06128208 0.11091087 0.79914287
 0.30953431 0.47593008 0.13504317 0.44535048 0.9502334  0.75511864
 0.16837858 0.91268669 0.14755993 0.83051782 0.17354923 0.51521203
 0.30736965 0.98854633 0.13265777 0.21499976 0.71804782 0.99957896
 0.77641172 0.8112388  0.12744443 0.32208365 0.25450538 0.96316052
 0.76501386 0.8790876  0.81189058 0.1142737  0.19575563 0.46202578
 0.96265477 0.32623178 0.40823753 0.44087561 0.24391205 0.05450542
 0.37264799 0.50350259 0.41089924 0.29588516 0.30568178 0.32515512
 0.30938704 0.22107958 0.7760114  0.81935253 0.0228525  0.65599579
 0.82011077 0.79697339 0.66028099 0.24117147 0.54050411 0.07628232
 0.08418105 0.48658206 0.52867536 0.16184869 0.99872204 0.95827249
 0.97765927 0.76071167 0.22808869 0.45810216 0.56750881 0.10992054
 0.3153701  0.87266651 0.58568241 0.94569757 0.16132321 0.80637475
 0.30808771 0.85602928 0.61928593 0.5868992  0.93205537 0.20123227
 0.25913673 0.11434493 0.88525096 0.52420385 0.41981951 0.52770201
 0.38187723 0.72830112 0.5646688  0.26971412 0.88329572 0.6665064
 0.81042611 0.23607767 0.02132619 0.16509788 0.44898808 0.38006207
 0.75379563 0.23623976 0.62338128 0.56454134 0.18106509 0.6525368
 0.87825693 0.6912428  0.18991901 0.66812437 0.07326929 0.55690565
 0.9459883  0.86222462 0.88252068 0.73496024 0.08326814 0.29733011
 0.53816627 0.32621511 0.31195562 0.31848347 0.58802542 0.5486391
 0.7992307  0.45932518 0.63038903 0.08379204 0.71864592 0.10375535
 0.72036558 0.07796178 0.72518663 0.6445627  0.3895248  0.56777685
 0.6915249  0.63103012 0.15262185 0.31210423 0.60603516 0.13582529
 0.55171762 0.25538071 0.05692108 0.10970627 0.23420315 0.38202319
 0.50844337 0.55999677 0.04369878 0.89476216 0.76826232 0.82430325
 0.39021765 0.94017212 0.05571991 0.57655407 0.47036698 0.24197649
 0.63209392 0.53066856 0.63765437 0.67409404 0.0639698  0.32602006
 0.23412673 0.9697041  0.56312647 0.0561957  0.84540886 0.35954509
 0.59705292 0.93675764 0.74373542 0.05543209 0.67331777 0.66397993
 0.54208868 0.96647362 0.23355539 0.94568748 0.46439174 0.3934238
 0.50297514 0.35411355 0.16867787 0.9839092  0.10031978 0.63378615
 0.03468822 0.6765007  0.9709883  0.13100739 0.48277412 0.41769089
 0.83192917 0.65399066 0.85369022 0.98801796 0.21183077 0.08648319
 0.32788087 0.94519992 0.83080049 0.62165221 0.7336588  0.40161526
 0.11351383 0.08982542 0.33340046 0.50293323 0.35227091 0.20083902
 0.44431382 0.55354153 0.57176793 0.2534602  0.43320513 0.26222568
 0.39771182 0.51354707 0.2796027  0.06400689 0.60870028 0.145099
 0.91239321 0.02825984 0.36636886 0.00550505 0.97609342 0.18848898
 0.06895989 0.79503343 0.50250816 0.78891375 0.68775905 0.92274279
 0.14701233 0.27992859 0.69771563 0.29370045 0.86712985 0.26521617
 0.92273619 0.26717612 0.35192486 0.22125247 0.22662611 0.37883022
 0.60698954 0.08348975 0.70338021 0.9435093  0.34045771 0.25183572
 0.0155623  0.87790465 0.41849743 0.46817859 0.45779314 0.5423916
 0.79339523 0.91656035 0.48594113 0.48779001 0.9632095  0.20899218
 0.12691795 0.95845715 0.04764495 0.0372977  0.89873033 0.35862559
 0.77623136 0.43734534 0.35938604 0.21666999 0.32265927 0.96611496
 0.74478833 0.75732184 0.60911326 0.86063103 0.41151886 0.09991888
 0.48985091 0.30810487 0.03679059 0.44972339 0.46490087 0.10100737
 0.62900438 0.47056161 0.36391421 0.99061254 0.71002931 0.27146908
 0.53168798 0.14874434 0.14016541 0.6202781  0.42006182 0.97303638
 0.92531811 0.89226026 0.09276257 0.60086749 0.87848354 0.39419089
 0.83526422 0.53447074 0.87077547 0.71639939 0.66417573 0.78299494
 0.60390843 0.19771934 0.81235671 0.97467006 0.44186587 0.42990139
 0.07667904 0.59818928 0.20655594 0.5863877  0.36346617 0.01358425
 0.84118523 0.26306879 0.93030255 0.86343058 0.0171277  0.60856832
 0.76328472 0.56465631 0.81302769 0.97007988 0.02750232 0.74292053
 0.11897603 0.42529834 0.18102684 0.43553171 0.53685069 0.35994162
 0.33641236 0.71803652 0.47155484 0.41586915 0.11838591 0.18273723
 0.92366532 0.16892601 0.80244662 0.69990364 0.98078038 0.57287401
 0.09648321 0.78978589 0.33347582 0.46109146 0.02833693 0.23519454
 0.73064108 0.64378021 0.74497856 0.69764027]